827
855
856
916
855
883
857
881
890
951
820
879
842
902
908
897
886
880
920
870
898
861
896
895
851
911
911
884
939
850
879
856
913
902
909
855
845
829
885
870
897
862
804
855
830
926
865
945
871
948
908
879
867
929
867
935
870
924
862
886
892
912
856
872
903
862
884
905
825
870
951
884
915
878
847
871
862
904
864
926
871
865
913
856
875
878
928
901
851
872
921
864
812
862
892
830
800
872
877
838
858
819
952
810
892
889
891
866
902
939
868
991
856
850
880
876
837
863
841
863
877
946
862
891
887
902
819
829
897
877
876
886
928
887
914
894
924
817
934
900
873
819
867
914
910
889
817
835
860
854
866
861
925
848
818
883
928
869
919
825
880
854
865
930
871
894
916
871
892
908
892
842
915
833
868
889
888
875
914
898
849
927
839
920
849
890
904
856
910
858
871
915
860
927
892
851
895
839
912
847
863
883
850
879
890
905
882
915
885
902
942
854
862
897
811
830
918
864
911
885
895
863
897
847
835
908
879
940
863
876
884
871
972
928
902
880
974
914
892
856
836
917
945
910
931
801
892
877
875
861
867
920
870
891
912
907
832
851
870
827
853
939
865
904
901
834
876
908
907
820
878
841
817
813
837
838
859
937
927
844
906
882
824
871
807
922
879
867
851
911
903
927
910
855
913
867
872
912
828
900
844
842
803
901
883
896
834
867
869
848
854
844
916
899
863
937
864
881
851
887
849
820
892
901
860
879
888
914
859
881
884
849
971
853
939
915
917
857
906
908
832
871
876
856
880
847
953
836
824
847
842
867
865
840
900
930
909
811
835
832
858
897
864
896
873
853
864
834
861
892
889
824
871
884
833
909
910
944
855
861
835
828
922
891
886
848
936
859
840
825
910
817
882
874
903
847
926
932
894
856
880
875
894
829
875
887
859
937
875
843
920
915
931
873
885
880
885
813
867
845
856
842
888
930
840
886
835
875
854
833
881
908
857
827
900
898
868
907
900
797
867
845
869
881
886
929
846
866
843
787
806
882
881
797
819
931
905
822
856
889
861
888
885
875
854
894
888
901
824
914
869
893
851
902
827
920
833
865
898
891
865
830
902
857
856
936
906
828
896
906
847
871
958
846
849
849
930
874
817
875
833
903
870
849
927
906
890
837
864
899
878
844
861
837
863
833
914
871
824
947
882
912
846
864
809
921
852
827
796
860
812
820
839
863
795
854
905
890
882
888
848
892
857
814
850
829
846
876
860
852
855
847
878
809
841
821
958
834
938
887
915
796
816
863
859
919
871
908
924
868
920
917
873
861
914
862
854
901
884
849
822
933
830
889
896
908
902
876
893
902
884
847
856
872
928
820
834
832
834
902
921
850
870
883
859
936
789
860
840
943
850
843
910
884
928
865
875
879
903
836
825
877
902
928
880
886
829
867
865
832
885
966
945
908
912
881
894
915
887
912
839
893
892
784
905
859
914
897
967
830
913
828
868
876
842
924
970
962
862
916
887
908
900
801
920
928
899
897
856
871
957
936
883
838
888
939
903
835
955
954
871
913
904
879
848
849
870
913
891
850
884
952
924
884
845
929
859
892
948
876
902
851
864
897
855
871
888
891
991
922
922
926
919
881
869
893
980
971
941
1041
955
953
1005
891
981
957
985
970
942
914
868
946
956
908
933
900
852
928
915
913
859
864
887
795
922
967
968
876
949
883
987
966
931
930
915
989
955
941
940
922
899
988
980
875
934
896
910
934
997
930
902
911
939
939
940
885
903
945
935
895
963
988
893
954
1001
948
881
941
930
1044
923
971
936
981
980
916
960
989
964
1026
935
905
979
930
963
975
925
928
922
950
940
938
910
984
935
931
932
900
936
955
863
901
934
993
958
897
929
972
988
912
964
965
983
1017
987
960
980
1011
1006
1016
990
1056
976
1103
1039
954
996
1048
1028
1002
1042
1009
1024
993
990
1014
1022
980
1044
1076
990
980
1113
1056
970
966
1038
1043
1027
988
1054
983
979
1045
1064
987
1008
1032
998
1042
1044
978
937
1007
1033
1034
960
1025
944
1020
1076
1116
1024
1143
952
1057
981
1020
1008
1036
974
985
975
1017
982
1064
1129
1117
1076
1151
1128
1157
1040
1137
1007
1061
1054
1058
1041
1098
1198
1060
1204
1052
1087
1078
1146
1120
1070
1036
965
1019
974
1063
1049
1128
1078
1107
1039
1124
1094
1082
1085
1172
1092
1163
1043
1134
1171
1248
1156
1135
1127
1153
1142
1112
1139
1106
1134
1126
1083
1054
1096
1155
1162
1186
1136
1148
1212
1151
1128
1058
1112
1231
1238
1160
1278
1223
1279
1190
1157
1175
1143
1287
1209
1215
1301
1193
1241
1186
1267
1279
1214
1303
1257
1246
1224
1270
1158
1124
1124
1172
1177
1270
1240
1147
1181
1184
1228
1224
1219
1273
1321
1302
1181
1223
1209
1206
1239
1294
1137
1186
1208
1273
1196
1289
1174
1209
1136
1239
1199
1114
1229
1286
1250
1265
1203
1337
1297
1253
1329
1333
1262
1382
1206
1308
1270
1275
1386
1277
1307
1383
1360
1336
1264
1390
1368
1252
1251
1288
1281
1379
1364
1402
1320
1361
1288
1303
1254
1449
1395
1297
1293
1405
1421
1462
1492
1373
1414
1382
1414
1432
1357
1248
1289
1395
1368
1370
1458
1363
1388
1486
1364
1417
1456
1462
1457
1379
1355
1413
1566
1460
1396
1514
1456
1447
1517
1381
1452
1423
1452
1251
1401
1293
1313
1378
1352
1448
1444
1346
1361
1371
1361
1464
1412
1336
1439
1510
1374
1417
1447
1433
1391
1378
1395
1374
1381
1440
1431
1382
1500
1337
1456
1441
1468
1493
1476
1393
1331
1505
1510
1586
1412
1453
1511
1419
1452
1414
1385
1472
1451
1510
1443
1347
1423
1558
1508
1502
1545
1510
1543
1641
1589
1559
1467
1604
1603
1589
1505
1449
1593
1614
1624
1606
1650
1539
1651
1648
1489
1499
1597
1597
1500
1551
1641
1564
1459
1612
1508
1539
1564
1570
1580
1489
1501
1576
1568
1540
1583
1598
1579
1592
1627
1657
1627
1734
1773
1694
1614
1668
1632
1654
1628
1712
1619
1644
1761
1757
1631
1677
1605
1596
1722
1599
1776
1612
1643
1662
1669
1681
1619
1593
1739
1683
1650
1648
1719
1783
1724
1614
1547
1663
1643
1600
1715
1712
1648
1727
1528
1743
1650
1675
1766
1662
1653
1659
1764
1638
1680
1948
1858
1765
1788
1841
1694
1653
1736
1880
1632
1642
1562
1649
1634
1647
1769
1825
1825
1779
1842
1703
1729
1668
1724
1781
1703
1598
1690
1695
1674
1760
1758
1766
1633
1679
1603
1647
1684
1769
1725
1695
1695
1727
1824
1779
1859
1858
1834
1784
1744
1666
1582
1755
1735
1697
1684
1701
1643
1691
1825
1787
1718
1673
1726
1748
1694
1721
1638
1778
1755
1701
1648
1853
1737
1859
1763
1783
1765
1692
1772
1849
1779
1719
1796
1716
1868
1670
1662
1675
1659
1800
1611
1601
1761
1736
1835
1684
1697
1697
1696
1718
1691
1849
1770
1772
1735
1852
1803
1833
1840
1757
1776
1875
1712
1728
1727
1728
1735
1850
1760
1695
1676
1744
1737
1653
1696
1558
1729
1715
1849
1736
1754
1754
1719
1714
1651
1721
1567
1580
1694
1675
1686
1775
1755
1631
1754
1570
1641
1641
1646
1768
1668
1747
1728
1772
1682
1612
1673
1676
1683
1676
1759
1652
1671
1687
1782
1726
1702
1665
1738
1779
1597
1621
1565
1691
1598
1641
1701
1711
1584
1550
1676
1680
1636
1687
1545
1613
1635
1601
1631
1608
1748
1728
1639
1569
1572
1580
1520
1674
1642
1601
1663
1493
1645
1600
1621
1674
1571
1664
1573
1734
1579
1641
1655
1720
1659
1536
1629
1556
1623
1570
1541
1646
1473
1599
1530
1609
1550
1617
1522
1554
1574
1565
1550
1634
1553
1620
1610
1536
1479
1552
1548
1620
1595
1651
1609
1588
1555
1635
1497
1628
1614
1566
1647
1622
1556
1555
1532
1521
1559
1536
1432
1692
1568
1582
1508
1600
1579
1569
1577
1515
1657
1524
1572
1471
1655
1592
1511
1569
1565
1521
1559
1452
1503
1508
1415
1453
1518
1527
1411
1511
1551
1618
1644
1505
1588
1613
1511
1555
1515
1566
1539
1470
1371
1416
1520
1545
1509
1521
1559
1544
1430
1470
1444
1580
1430
1448
1548
1423
1348
1371
1415
1382
1409
1369
1600
1557
1415
1577
1516
1443
1336
1328
1443
1417
1410
1505
1368
1441
1350
1458
1322
1430
1364
1359
1439
1444
1439
1335
1369
1366
1391
1335
1376
1387
1452
1411
1331
1478
1403
1368
1447
1478
1303
1273
1251
1416
1413
1354
1438
1393
1454
1354
1378
1342
1351
1297
1352
1326
1376
1278
1438
1403
1421
1361
1441
1353
1361
1253
1302
1338
1365
1330
1248
1334
1295
1320
1376
1410
1355
1342
1351
1325
1372
1341
1232
1303
1281
1337
1198
1248
1294
1260
1240
1310
1276
1290
1317
1288
1319
1371
1294
1288
1140
1212
1312
1334
1324
1242
1190
1313
1302
1285
1254
1319
1287
1261
1335
1322
1269
1303
1252
1235
1216
1292
1200
1229
1267
1238
1202
1292
1202
1206
1183
1132
1149
1133
1206
1229
1133
1182
1169
1115
1127
1153
1269
1228
1235
1188
1236
1197
1257
1143
1289
1260
1251
1207
1224
1208
1265
1287
1140
1171
1190
1215
1258
1129
1159
1197
1235
1160
1241
1180
1196
1175
1144
1101
1197
1256
1209
1228
1134
1143
1107
1227
1200
1230
1259
1184
1257
1162
1190
1128
1149
1121
1149
1207
1214
1199
1135
1220
1141
1103
1143
1080
1131
1192
1190
1113
1152
1184
1106
1136
1220
1076
1170
1139
1099
1196
1089
1084
1083
1092
1103
1046
1054
1135
1081
1150
1179
1136
1131
1181
1158
1149
1148
1159
1140
1153
1086
1121
1104
1188
1157
1143
1164
1043
1041
1068
1122
1147
1038
1053
1222
1059
1118
1075
1079
1006
1163
1111
1164
1171
1126
1067
1098
1156
1118
1093
1063
1095
1135
1100
1050
1114
1144
1177
1140
1097
993
1087
1111
1071
1137
1072
1143
1065
1099
1146
1046
1087
1042
1038
1006
1049
1046
1121
1084
1053
1108
1129
1038
1041
974
1043
1053
1049
1102
1020
1035
1044
926
1005
1030
1070
992
1051
1083
1021
969
1017
1094
975
1040
1050
956
952
922
968
1033
1026
1020
1067
938
1041
935
991
1013
1008
1003
1067
1006
938
1042
1072
1026
972
994
1071
1031
987
1027
927
974
1008
912
973
929
1015
1028
1016
1088
996
1024
976
1016
1050
1035
1054
1049
975
1002
954
1011
997
1001
970
1010
1019
1017
1001
963
1023
1008
981
971
983
960
989
943
977
1024
960
1002
1011
957
1002
951
972
1071
1017
1102
1096
983
975
935
990
998
940
959
964
953
973
997
969
1028
1010
1007
999
949
960
902
950
1004
896
1058
1063
930
994
970
1006
983
930
1004
883
1072
1031
980
946
1004
1015
958
1019
984
1030
944
1035
977
924
964
935
993
978
951
944
929
898
928
928
967
906
991
908
872
907
942
871
959
981
893
967
908
994
910
951
987
984
914
966
908
976
926
991
944
1003
998
915
890
928
901
922
959
943
943
911
998
923
992
947
971
959
939
940
931
976
947
980
904
889
899
878
928
946
903
876
966
880
903
925
918
895
939
849
939
894
902
944
861
931
985
897
959
883
988
920
894
844
915
848
925
871
913
889
853
949
930
888
860
845
911
901
939
889
888
909
845
932
816
868
890
891
881
918
940
974
928
843
878
855
950
972
874
932
956
890
882
899
862
873
828
958
1001
866
909
927
886
871
939
871
878
888
907
912
894
840
864
878
836
880
899
859
883
849
830
909
870
862
856
892
910
877
873
872
932
886
822
829
862
880
892
882
925
963
900
898
915
867
889
892
878
871
908
919
889
846
930
889
842
849
834
927
872
886
897
908
866
873
903
869
854
891
806
884
929
847
861
877
873
862
844
867
922
942
865
881
872
936
888
892
833
846
884
894
883
928
890
846
935
882
856
885
888
910
919
928
964
890
816
874
878
845
841
851
890
889
949
831
875
893
916
869
797
943
936
866
855
827
879
873
892
905
877
854
860
795
854
836
846
901
862
842
933
817
841
839
846
920
866
842
831
850
916
929
847
848
865
898
853
903
872
838
896
936
842
833
878
855
930
901
865
903
886
912
856
953
907
879
870
864
883
907
902
879
908
865
887
828
885
846
843
949
829
839
872
838
870
847
860
872
783
859
846
908
875
946
914
857
899
874
908
883
869
881
852
856
869
854
790
860
795
861
869
860
872
845
834
916
850
863
872
818
873
911
928
870
898
819
878
839
952
880
894
908
847
916
865
863
876
885
929
864
803
876
859
856
912
880
851
878
886
855
878
897
863
810
905
847
856
861
863
896
866
946
816
841
888
859
832
868
902
868
810
809
847
872
826
893
909
889
890
921
831
902
895
900
882
911
858
843
829
858
898
901
885
867
876
811
904
837
837
831
852
866
884
954
934
888
835
911
824
880
843
844
857
899
855
852
874
897
872
857
795
923
936
838
885
872
910
884
804
876
909
894
871
920
888
902
884
889
893
871
932
804
898
907
909
854
880
906
839
844
867
879
842
855
863
848
915
915
876
821
880
836
874
900
869
921
853
838
882
815
833
870
876
894
885
883
900
852
894
911
836
888
875
873
888
848
888
888
826
864
839
839
886
887
843
876
894
920
859
860
900
901
863
851
871
864
852
803
864
883
856
896
863
872
869
933
812
913
844
926
907
890
850
814
924
803
798
853
899
852
874
934
879
858
873
853
889
887
886
843
869
847
886
884
875
821
814
868
895
928
912
836
865
928
836
888
947
860
892
858
850
833
819
907
862
817
822
850
867
903
868
849
892
846
801
907
848
876
883
848
794
908
899
858
819
871
926
881
918
905
876
892
854
890
870
814
871
846
880
889
864
937
820
848
796
851
900
886
877
826
874
916
817
880
827
816
892
898
872
835
942
871
840
784
855
897
866
865
861
874
897
844
866
908
820
905
835
848
892
906
854
851
848
820
936
851
892
877
823
894
