861
808
847
856
910
902
859
816
894
814
920
896
843
871
855
835
957
876
870
890
825
854
897
916
844
900
866
887
836
881
913
869
920
844
868
844
873
828
877
883
907
855
855
871
912
905
811
876
833
870
862
927
872
923
875
917
836
913
839
827
884
902
851
892
913
927
886
890
876
824
899
804
840
869
949
847
849
873
896
858
876
828
868
871
913
889
835
880
878
871
822
851
864
885
855
855
924
801
822
825
857
883
920
883
886
930
857
857
863
844
898
937
960
840
852
946
873
883
847
893
813
890
909
860
880
890
887
814
941
857
879
870
853
827
834
856
939
829
895
883
905
869
871
882
852
863
927
818
908
825
798
855
863
898
846
905
853
923
915
862
814
852
840
840
866
856
877
906
899
868
886
916
830
883
905
836
845
912
843
864
909
897
826
869
885
900
889
802
883
873
897
911
823
898
908
920
907
858
848
804
856
833
867
913
903
953
920
888
874
837
910
944
796
897
853
884
890
892
857
926
846
854
953
885
887
935
851
860
839
905
975
903
910
873
916
886
855
868
908
916
888
868
874
796
839
814
868
834
896
923
844
820
843
936
855
923
937
876
908
864
863
839
888
828
850
824
838
812
863
887
897
903
851
861
934
889
890
860
885
915
886
923
885
924
890
845
824
888
834
801
862
867
822
877
911
905
790
907
854
892
803
823
778
958
849
850
864
868
870
857
876
824
870
854
880
877
892
920
903
824
873
924
886
880
875
836
899
842
876
902
824
840
914
931
873
873
885
876
933
901
915
927
841
879
812
840
929
888
868
892
889
916
868
879
906
864
830
897
923
910
907
891
912
858
822
839
975
871
850
883
891
797
929
856
890
888
834
876
866
848
882
929
840
941
918
903
835
852
841
921
846
905
848
943
856
879
954
840
906
791
856
862
842
859
889
904
886
891
800
891
935
911
848
840
881
910
828
892
862
898
849
874
920
857
954
921
909
845
877
865
879
849
836
867
887
870
959
871
873
936
806
844
828
846
805
876
880
841
852
912
898
889
880
834
815
869
793
851
883
863
870
796
932
870
916
872
819
895
905
894
913
929
860
820
898
873
830
848
871
903
851
854
913
898
933
937
938
940
843
883
852
935
916
856
916
861
923
902
870
805
925
921
922
826
920
950
854
824
893
957
845
835
928
923
854
885
862
895
885
891
849
880
892
910
858
891
932
896
871
827
832
828
928
851
898
888
914
808
933
886
923
943
918
892
889
909
955
868
909
913
915
918
923
894
924
857
880
880
912
873
933
960
882
860
886
828
884
864
836
902
861
961
904
827
967
962
881
891
929
890
861
927
935
929
899
865
894
891
862
867
901
885
900
887
955
953
889
894
914
923
895
898
962
851
832
933
907
859
887
919
887
923
963
908
923
899
852
890
902
908
807
943
957
953
918
947
839
863
832
921
873
899
897
903
911
915
922
912
866
906
907
936
938
900
865
958
918
953
956
899
962
899
814
822
841
913
950
935
895
883
918
908
956
882
833
978
973
946
938
987
949
975
906
951
945
940
926
986
884
822
958
941
916
928
943
930
907
945
935
875
856
936
962
949
954
899
891
952
894
931
964
956
904
966
952
952
918
987
878
927
944
937
890
963
940
907
970
888
891
956
966
960
940
963
999
962
935
972
971
959
893
965
979
963
957
917
986
926
871
961
883
960
956
963
1015
962
999
974
958
1013
936
984
967
1000
982
1069
969
960
991
963
974
985
975
929
1015
966
947
922
1028
892
935
907
900
908
969
938
1015
948
1047
939
978
961
915
933
977
1029
914
988
1027
990
1002
1125
1007
961
1016
983
1017
916
970
960
961
941
1004
1040
946
974
1016
910
938
913
950
889
928
1036
993
999
1006
995
1015
954
1028
934
980
955
1023
1016
1027
1015
1042
1011
1063
1026
981
992
944
1008
975
1007
997
961
945
1000
1007
964
906
915
990
1000
933
1020
983
956
1054
1094
1068
975
974
1006
1036
976
1016
1008
1024
1033
1054
995
981
1035
1017
1022
956
1082
1029
1076
1033
1024
994
960
1036
1054
1042
1020
1073
1075
1017
1002
941
1115
967
1068
1019
1040
1008
976
1005
1008
1065
1048
985
1049
1034
1081
1082
1144
1134
1060
1117
1088
1134
1066
1058
1070
1033
1064
1115
1017
1026
1010
1035
1002
981
1070
1071
1066
1064
1024
1102
965
1108
1119
1082
1040
1140
1165
1018
1105
1133
1052
1092
1129
1116
1103
1070
1104
1157
1086
1197
1122
1011
1140
1144
1069
1067
1117
1149
1165
1093
1158
1128
1065
1089
1024
1075
1121
1089
1095
1149
1132
1141
1199
1151
1134
1203
1216
1146
1198
1119
1136
1055
1240
1118
1153
1177
1140
1204
1238
1213
1200
1195
1145
1115
1151
1208
1260
1232
1239
1218
1192
1187
1226
1225
1208
1240
1187
1224
1228
1207
1173
1230
1237
1252
1271
1199
1133
1216
1232
1229
1140
1156
1253
1220
1265
1341
1253
1217
1219
1172
1133
1239
1239
1128
1121
1161
1236
1249
1209
1202
1245
1300
1200
1299
1216
1267
1225
1275
1251
1254
1256
1262
1165
1205
1281
1336
1134
1217
1193
1303
1263
1221
1228
1315
1216
1309
1320
1332
1395
1199
1332
1281
1242
1369
1299
1223
1365
1234
1290
1171
1228
1307
1192
1301
1243
1312
1176
1270
1141
1228
1324
1339
1292
1339
1366
1275
1314
1241
1232
1294
1333
1200
1298
1326
1299
1251
1258
1314
1247
1308
1318
1413
1322
1370
1353
1336
1369
1429
1348
1331
1390
1401
1429
1335
1378
1317
1313
1347
1316
1395
1327
1383
1402
1471
1312
1337
1344
1288
1336
1368
1385
1321
1336
1384
1416
1353
1405
1367
1318
1427
1345
1431
1507
1438
1271
1394
1425
1358
1291
1335
1461
1358
1453
1440
1460
1435
1411
1391
1427
1353
1304
1303
1419
1402
1376
1356
1382
1318
1349
1404
1381
1336
1356
1353
1372
1395
1335
1417
1340
1371
1526
1423
1511
1347
1481
1429
1436
1418
1411
1412
1312
1412
1442
1328
1470
1515
1491
1541
1538
1496
1515
1471
1415
1471
1516
1363
1307
1376
1418
1380
1421
1432
1367
1413
1427
1367
1442
1494
1408
1472
1409
1459
1420
1427
1464
1458
1366
1363
1379
1398
1413
1365
1346
1338
1455
1372
1299
1427
1381
1461
1457
1401
1534
1458
1516
1450
1524
1460
1639
1467
1495
1606
1478
1381
1378
1367
1416
1499
1488
1547
1454
1369
1413
1367
1390
1416
1460
1486
1439
1453
1489
1546
1433
1449
1430
1584
1437
1369
1401
1495
1489
1432
1469
1411
1424
1501
1548
1623
1467
1538
1468
1425
1540
1489
1515
1508
1480
1440
1501
1513
1530
1559
1479
1567
1488
1468
1496
1483
1484
1405
1432
1471
1518
1404
1438
1475
1484
1418
1406
1404
1512
1420
1384
1554
1354
1499
1469
1477
1489
1507
1456
1509
1439
1446
1538
1550
1575
1500
1499
1558
1527
1534
1504
1407
1408
1513
1485
1511
1542
1441
1490
1515
1442
1385
1512
1465
1503
1486
1556
1559
1532
1516
1519
1500
1410
1469
1493
1372
1462
1535
1492
1452
1396
1521
1396
1640
1498
1441
1485
1476
1523
1486
1487
1513
1484
1498
1538
1443
1486
1491
1456
1544
1488
1497
1387
1393
1548
1478
1471
1417
1444
1580
1464
1605
1510
1495
1458
1448
1540
1500
1451
1555
1441
1395
1412
1352
1521
1513
1364
1438
1406
1323
1459
1412
1531
1499
1399
1390
1457
1465
1450
1336
1432
1512
1444
1427
1509
1454
1441
1413
1484
1472
1425
1537
1429
1473
1498
1523
1395
1445
1334
1406
1408
1371
1522
1493
1460
1444
1438
1489
1483
1477
1501
1423
1550
1483
1376
1308
1474
1408
1333
1426
1331
1447
1323
1329
1296
1329
1353
1352
1429
1512
1432
1398
1403
1371
1411
1316
1395
1445
1344
1331
1500
1397
1357
1394
1453
1476
1408
1441
1495
1337
1453
1458
1429
1435
1423
1298
1374
1347
1429
1363
1328
1337
1359
1392
1434
1524
1479
1479
1362
1240
1299
1392
1328
1278
1264
1348
1331
1320
1344
1285
1234
1349
1342
1287
1361
1437
1399
1304
1397
1286
1326
1385
1316
1377
1325
1342
1460
1379
1357
1187
1351
1471
1358
1346
1375
1358
1370
1364
1331
1309
1303
1352
1306
1285
1320
1329
1390
1398
1312
1350
1376
1320
1297
1343
1348
1368
1454
1456
1309
1372
1344
1384
1396
1393
1337
1403
1424
1237
1310
1272
1404
1395
1319
1329
1312
1335
1341
1376
1383
1303
1382
1282
1338
1299
1300
1275
1343
1239
1273
1323
1297
1289
1260
1347
1336
1387
1327
1217
1342
1316
1180
1200
1208
1271
1316
1210
1376
1261
1236
1322
1194
1290
1268
1252
1298
1320
1144
1268
1206
1190
1227
1302
1240
1247
1216
1203
1213
1211
1232
1289
1284
1260
1310
1251
1249
1224
1296
1237
1139
1209
1198
1280
1366
1343
1268
1176
1201
1228
1295
1228
1204
1276
1182
1198
1209
1281
1297
1222
1328
1311
1276
1271
1243
1199
1240
1230
1306
1177
1206
1291
1195
1171
1211
1273
1124
1200
1201
1130
1180
1267
1252
1193
1251
1162
1219
1248
1191
1261
1177
1164
1206
1243
1204
1140
1244
1279
1274
1161
1182
1176
1135
1160
1174
1151
1199
1277
1185
1174
1108
1088
1167
1218
1164
1173
1213
1230
1188
1191
1202
1228
1240
1175
1129
1192
1232
1184
1173
1189
1239
1218
1279
1216
1212
1226
1247
1109
1159
1177
1219
1169
1192
1143
1094
1185
1229
1175
1177
1247
1223
1208
1186
1173
1167
1083
1215
1124
1138
1092
1087
1108
1067
1198
1197
1218
1122
1201
1153
1084
1130
1124
1148
1132
1178
1127
1115
1132
1160
1069
1151
1133
1118
1058
1146
1136
1150
1089
1105
1084
1037
1116
1208
1120
1086
1107
1026
1034
1051
1132
1172
1170
1168
1114
1081
1102
1018
1063
1100
1101
1034
1063
1131
1067
1032
1080
1095
1096
1090
1051
1043
1165
1060
1113
1091
1071
1088
1108
1061
1043
1050
1053
1063
999
1018
1082
1061
1132
1082
1086
997
1105
1141
1178
1048
997
1115
1089
1103
1104
1106
996
1128
1022
1036
1165
1099
1062
1077
1067
1088
1036
1102
1092
1048
1105
1050
1050
1028
1079
1080
1079
1054
1098
1103
1115
1092
1063
1036
1018
1063
994
1040
1036
990
932
985
995
1091
1027
1036
1059
1005
984
1059
1014
1035
1008
1088
1045
1007
1037
1030
1018
1000
1049
1035
1102
992
1013
1040
1000
1063
1054
1044
1004
978
1042
962
1080
1087
1087
1098
1077
1083
1054
974
1060
1040
956
953
996
900
1000
952
951
1001
956
948
1019
972
964
863
935
956
984
962
1023
977
996
998
977
1010
937
1079
975
1019
961
1027
1024
1002
1019
943
902
976
963
978
932
950
934
953
946
941
985
1025
913
999
1005
941
945
930
897
951
1021
1025
966
961
924
983
1038
933
942
998
977
965
1015
953
974
1011
926
1023
981
1006
1029
919
981
921
915
1044
972
979
939
1050
961
976
961
923
1007
998
1008
901
915
936
1008
993
973
949
885
967
1001
958
985
997
911
918
899
1025
928
967
998
982
1018
958
941
942
1018
979
981
906
929
959
961
903
941
969
938
892
989
906
960
907
945
895
1038
897
894
945
920
917
947
951
1008
950
959
972
946
966
1011
919
915
936
899
905
922
901
873
849
967
928
890
971
960
1000
975
913
920
899
928
950
927
873
877
902
919
852
881
874
848
887
925
927
896
888
908
906
977
996
986
850
852
903
964
872
823
882
888
960
912
893
900
939
910
1027
951
961
923
952
925
1003
936
836
908
887
953
919
910
839
949
930
798
900
904
867
874
868
865
851
932
815
864
896
901
931
891
950
862
872
921
916
881
897
934
944
953
878
865
914
880
944
894
944
954
932
867
819
906
892
897
905
896
957
845
926
911
913
824
924
861
889
883
880
886
843
851
902
913
913
843
913
871
960
951
908
848
963
931
942
870
864
893
981
907
981
868
830
883
877
920
878
895
890
839
1025
919
889
920
937
909
935
956
903
895
910
893
1010
945
872
941
870
897
869
867
857
872
893
874
901
889
915
845
832
868
895
908
913
923
931
874
898
864
869
896
862
856
866
863
857
853
875
880
845
846
898
891
925
915
913
851
792
869
860
838
921
848
881
902
902
911
875
863
883
879
952
840
947
887
915
875
913
863
931
897
870
913
869
869
884
871
874
907
876
923
859
838
900
903
866
869
877
868
938
877
861
919
875
905
885
905
889
825
829
885
913
945
877
870
889
814
919
924
849
911
915
927
913
929
969
892
871
880
884
870
865
822
868
873
903
942
889
863
910
919
864
873
916
927
839
930
936
879
877
836
866
844
834
915
940
858
906
926
845
821
864
884
880
837
897
907
877
820
788
897
866
930
867
840
857
935
857
858
812
879
836
932
804
855
867
867
874
955
854
938
870
786
868
850
871
856
806
891
882
918
862
894
929
856
932
858
846
886
915
879
923
936
897
859
861
875
852
837
888
888
843
844
878
934
937
880
898
897
870
895
880
833
899
885
904
876
855
948
857
920
901
865
952
879
853
876
868
874
844
844
898
942
853
848
863
804
875
838
880
855
928
887
873
816
960
868
880
912
885
928
820
793
882
939
926
868
906
921
924
871
875
912
874
928
885
836
899
844
845
797
895
892
910
876
842
890
828
816
819
967
941
884
888
829
866
820
895
870
845
798
909
896
911
875
851
847
936
852
875
801
871
832
822
826
879
894
890
911
870
886
857
911
912
866
838
872
872
886
943
932
850
890
858
887
898
831
860
872
849
912
831
829
887
897
848
818
881
889
920
972
869
848
902
918
863
892
849
780
863
930
883
908
879
910
916
852
937
834
879
877
858
857
875
850
846
837
894
813
868
843
820
916
950
857
918
875
905
900
907
877
862
875
824
912
827
865
869
838
879
829
867
857
856
819
867
836
897
850
915
820
852
845
822
894
806
857
844
889
885
834
931
856
885
846
864
858
894
841
863
859
875
923
845
840
881
905
870
871
838
845
789
924
853
851
871
871
871
858
892
858
855
821
859
917
875
890
881
891
864
869
868
