887
838
838
867
916
908
882
857
857
926
885
900
913
880
881
870
798
914
903
916
899
864
946
855
911
841
852
854
894
913
850
859
822
835
926
866
819
833
891
888
914
886
860
900
824
891
915
897
836
856
861
964
890
900
890
886
842
865
859
924
892
868
854
840
931
883
943
879
800
864
846
912
864
851
909
848
959
873
864
896
850
912
895
866
859
856
848
860
832
938
878
886
822
894
937
919
962
880
832
845
862
861
915
900
867
804
917
895
923
880
933
905
875
875
951
859
870
937
823
848
876
865
879
874
922
855
854
867
893
886
872
899
874
894
854
879
832
902
808
844
886
820
809
914
851
870
917
916
901
914
858
858
909
893
883
865
853
932
913
879
794
899
897
904
908
886
918
879
859
838
930
877
829
808
849
847
908
865
856
836
893
908
839
862
910
887
916
895
857
896
833
914
901
842
814
888
859
956
856
868
830
893
839
927
904
825
897
914
840
837
915
868
828
866
874
901
860
857
892
888
862
882
922
833
871
899
892
903
900
886
876
879
913
926
886
879
889
870
894
905
885
820
852
891
908
846
896
906
840
857
924
835
909
812
862
871
894
885
865
848
884
959
836
832
855
880
933
873
876
820
857
792
857
853
816
874
852
854
793
887
872
893
879
888
839
833
877
910
880
832
883
921
884
873
803
846
782
850
868
845
864
912
876
862
868
813
819
863
795
847
855
875
830
880
902
911
889
849
804
842
899
901
868
841
821
859
852
911
865
876
904
892
897
929
858
904
899
908
896
811
890
824
941
846
837
848
845
809
858
889
835
763
858
898
904
819
887
910
846
859
884
817
882
920
867
873
880
866
883
873
845
864
867
855
879
919
804
862
826
847
905
932
877
870
860
885
871
848
835
846
944
870
879
882
846
837
788
887
851
819
864
887
928
873
859
896
909
841
838
848
879
901
852
878
875
834
898
850
905
928
786
942
851
771
844
887
852
866
833
830
855
896
892
862
871
891
849
870
878
834
840
888
804
865
896
837
855
833
832
883
904
842
904
939
824
896
911
877
816
902
810
880
862
856
880
862
912
910
852
891
870
885
847
874
836
861
887
833
870
858
886
839
897
873
876
836
890
856
910
888
868
872
867
892
843
832
889
881
838
872
848
890
884
905
915
863
853
851
848
897
839
908
870
855
804
928
929
812
866
823
897
939
919
946
860
900
822
814
876
848
908
824
888
867
855
889
839
960
890
801
813
869
892
898
850
836
859
865
867
827
865
933
858
840
911
846
956
856
882
854
887
876
875
862
824
869
836
873
853
872
835
865
944
860
944
890
959
873
835
926
919
854
951
919
962
929
859
936
852
891
924
867
848
885
923
832
883
899
852
864
834
814
862
904
917
912
931
928
1003
875
894
846
872
892
903
877
894
855
889
840
920
917
900
865
929
845
877
894
964
851
868
833
974
858
865
937
845
898
872
897
895
862
847
920
877
902
857
903
818
918
844
885
907
952
985
960
790
944
913
983
918
878
892
927
931
905
935
979
913
896
943
929
933
861
912
931
943
938
899
908
891
960
959
867
917
966
947
891
894
924
951
950
880
905
915
969
884
958
929
896
907
898
906
867
927
942
939
862
884
908
920
979
917
921
924
920
904
977
946
948
923
985
864
902
919
900
968
893
955
989
887
868
934
975
932
868
910
879
1010
959
929
878
930
968
935
892
912
931
932
949
864
1002
1010
971
1020
941
975
943
985
977
911
1008
958
860
950
911
945
1057
1022
914
979
926
919
986
864
873
884
961
951
932
952
901
991
963
987
961
1024
953
985
935
971
953
1026
990
1006
1016
995
1025
992
944
937
1011
913
921
957
1051
1082
988
984
924
926
999
1100
1067
944
957
1007
1030
1003
1019
977
979
1062
988
1059
1064
1053
1003
953
1023
944
965
986
994
960
1014
988
999
1025
1029
970
1033
1011
1004
989
1020
940
1066
1064
1073
1149
1060
1047
1062
1058
1095
997
1073
962
1028
1021
1066
1014
1006
1025
995
1006
1073
1084
997
1092
1073
998
1073
1071
977
1054
1007
940
1069
1017
1027
1099
1101
1103
1064
990
953
1000
1092
1043
1035
1101
1119
1144
1070
1123
1051
1101
1048
1121
1041
1084
1107
1127
1119
1151
1055
1120
1027
1148
1138
1096
1116
1095
1140
1089
1129
1123
1095
1073
1046
1067
1018
1097
1046
1044
1164
1074
1084
1159
1104
1066
1099
1099
1109
1119
1128
1201
1064
1100
1155
1111
1138
1176
1208
1156
1044
1088
1094
1082
1152
1203
1176
1172
1127
1144
1155
1150
1168
1123
1179
1170
1181
1167
1137
1214
1172
1171
1205
1196
1250
1080
1239
1129
1297
1201
1246
1184
1260
1216
1244
1141
1095
1215
1217
1217
1140
1219
1129
1180
1118
1196
1180
1289
1192
1185
1169
1189
1136
1108
1128
1133
1079
1152
1190
1053
1107
1191
1264
1215
1123
1223
1146
1181
1204
1144
1126
1198
1208
1235
1235
1172
1222
1224
1213
1243
1218
1265
1232
1281
1275
1285
1212
1278
1265
1251
1203
1272
1168
1231
1224
1249
1179
1237
1235
1228
1213
1222
1207
1246
1236
1279
1279
1267
1198
1279
1290
1279
1347
1248
1288
1267
1251
1301
1243
1148
1283
1224
1151
1233
1341
1247
1260
1333
1356
1346
1276
1276
1202
1326
1224
1213
1338
1306
1275
1227
1334
1346
1426
1257
1270
1266
1264
1419
1376
1307
1415
1323
1363
1356
1285
1363
1346
1379
1341
1337
1237
1349
1341
1303
1432
1430
1372
1343
1304
1420
1359
1336
1296
1280
1353
1331
1389
1345
1472
1406
1367
1483
1474
1514
1277
1357
1330
1363
1429
1364
1376
1451
1414
1424
1336
1385
1439
1540
1388
1441
1394
1379
1340
1364
1417
1341
1430
1456
1473
1380
1405
1395
1381
1500
1462
1372
1516
1420
1410
1441
1464
1429
1453
1489
1413
1476
1523
1475
1584
1474
1571
1510
1477
1496
1497
1422
1477
1472
1490
1478
1470
1503
1517
1421
1423
1442
1530
1508
1503
1434
1554
1400
1455
1389
1463
1515
1458
1548
1468
1455
1512
1442
1380
1475
1474
1431
1329
1371
1479
1423
1580
1482
1478
1592
1509
1504
1528
1454
1494
1495
1538
1616
1541
1536
1561
1548
1606
1506
1631
1550
1627
1615
1574
1556
1457
1466
1588
1570
1501
1544
1560
1577
1513
1458
1539
1621
1604
1608
1746
1671
1537
1700
1694
1572
1612
1688
1641
1516
1533
1569
1608
1436
1574
1584
1551
1757
1574
1573
1545
1750
1627
1614
1591
1600
1556
1542
1485
1609
1632
1585
1607
1721
1760
1585
1513
1571
1419
1492
1536
1542
1613
1667
1558
1528
1619
1684
1682
1581
1561
1611
1642
1656
1611
1718
1645
1615
1538
1657
1616
1725
1770
1662
1702
1554
1560
1562
1579
1616
1471
1558
1542
1521
1619
1587
1587
1551
1571
1534
1562
1691
1663
1707
1561
1578
1709
1484
1567
1619
1705
1627
1660
1634
1664
1656
1637
1555
1520
1599
1749
1800
1686
1791
1672
1573
1585
1740
1757
1692
1588
1581
1614
1483
1630
1588
1648
1688
1508
1576
1640
1649
1542
1551
1520
1559
1640
1745
1683
1657
1652
1598
1664
1602
1537
1502
1574
1550
1484
1545
1608
1575
1539
1609
1626
1635
1533
1605
1570
1504
1452
1539
1618
1583
1593
1618
1548
1581
1586
1637
1628
1602
1584
1618
1725
1681
1643
1610
1531
1564
1564
1543
1598
1536
1735
1504
1476
1487
1540
1620
1520
1504
1611
1536
1469
1538
1575
1671
1543
1618
1574
1647
1495
1625
1646
1671
1596
1425
1465
1440
1483
1510
1536
1576
1604
1591
1576
1546
1599
1683
1626
1585
1485
1539
1513
1549
1614
1602
1655
1524
1528
1622
1502
1627
1586
1633
1604
1628
1659
1529
1642
1558
1458
1522
1466
1520
1508
1645
1467
1472
1465
1519
1459
1536
1482
1638
1632
1576
1576
1535
1504
1612
1484
1545
1385
1488
1446
1470
1458
1483
1437
1403
1424
1459
1458
1441
1409
1442
1458
1498
1547
1529
1474
1476
1469
1503
1500
1562
1569
1531
1559
1496
1457
1488
1374
1416
1562
1504
1493
1441
1475
1438
1440
1412
1498
1411
1451
1456
1498
1508
1432
1530
1410
1328
1535
1408
1374
1460
1438
1427
1400
1486
1442
1441
1498
1352
1449
1423
1479
1435
1417
1404
1442
1465
1450
1468
1440
1458
1460
1444
1442
1431
1488
1382
1351
1403
1450
1506
1449
1367
1406
1472
1600
1511
1399
1394
1376
1494
1344
1405
1303
1459
1344
1356
1414
1364
1342
1360
1365
1358
1368
1340
1516
1394
1419
1445
1529
1404
1463
1474
1351
1424
1430
1365
1352
1410
1295
1302
1399
1331
1434
1352
1429
1448
1541
1380
1317
1250
1325
1341
1363
1324
1372
1322
1319
1373
1329
1331
1292
1283
1432
1429
1360
1318
1370
1326
1308
1361
1319
1253
1339
1352
1311
1360
1325
1283
1362
1246
1249
1254
1268
1292
1229
1361
1279
1330
1386
1310
1325
1318
1287
1316
1260
1227
1275
1244
1292
1253
1249
1367
1261
1312
1348
1263
1313
1248
1281
1247
1233
1330
1267
1299
1270
1226
1256
1222
1325
1284
1232
1248
1216
1219
1260
1237
1270
1335
1231
1264
1285
1178
1228
1183
1250
1224
1203
1234
1236
1230
1290
1225
1204
1296
1307
1265
1294
1217
1340
1208
1223
1241
1253
1290
1313
1286
1223
1149
1103
1313
1283
1214
1191
1219
1235
1140
1162
1171
1182
1242
1200
1209
1149
1269
1232
1203
1171
1126
1211
1187
1164
1239
1246
1172
1185
1177
1127
1219
1231
1210
1220
1164
1195
1149
1200
1147
1198
1261
1247
1201
1110
1129
1150
1165
1090
1170
1152
1237
1163
1231
1156
1079
1092
1140
1138
1120
1215
1244
1127
1184
1169
1130
1096
1147
1143
1144
1108
1153
1216
1111
1153
1242
1120
1178
1214
1170
1185
1089
1150
1143
1004
1091
1022
1123
1058
1161
1143
1167
1101
1042
1101
1135
1061
1136
1124
1118
1118
1144
1112
1039
1178
1185
1091
1118
1141
1086
1147
1108
1128
1189
1043
1139
1074
1086
1062
1064
1095
1106
1142
1066
1102
1106
1059
1063
1132
1071
1087
1138
1024
1045
1033
1016
1111
998
1030
1011
1060
1046
1047
1068
1100
1107
1093
1068
988
1056
1028
1026
947
1030
1128
1042
1044
1150
1137
1097
1085
1117
1095
1092
1032
985
1108
1078
990
1011
1019
1052
1029
1046
958
1011
1051
1118
1016
1060
1058
1075
1000
1046
1060
963
1153
1080
1047
998
1052
1021
1030
1029
948
1097
1004
1118
1037
1037
1014
999
1081
1010
956
991
1000
1031
1059
1029
1043
1063
1039
1028
1001
1056
1098
977
1010
1010
1035
1013
1056
991
1032
1039
1099
1031
1065
996
1070
1003
1033
1093
1040
986
1000
957
960
955
1025
976
978
1016
1003
963
1006
987
1011
996
1013
992
959
979
940
952
912
888
1043
936
976
943
1049
1026
992
972
961
1057
931
967
1002
1000
1008
915
1014
1001
977
1019
977
1044
974
972
999
955
1007
983
991
948
903
910
925
921
982
1006
1073
977
1048
1012
995
1003
951
1005
1057
944
974
929
975
920
1057
896
1000
976
903
949
925
998
967
929
998
941
953
957
904
1038
906
972
944
920
1008
974
940
912
904
933
937
900
887
934
944
943
910
985
862
923
906
930
912
922
951
931
891
1008
913
963
977
991
934
935
953
904
924
971
939
899
927
952
889
931
885
892
904
891
937
950
910
1004
945
921
924
925
922
911
946
905
981
1000
975
954
899
989
927
918
948
877
937
966
925
905
870
929
960
958
956
957
940
961
922
910
948
981
981
961
940
952
952
964
908
953
869
925
916
938
921
991
910
975
896
931
869
884
911
962
965
939
986
1005
952
926
859
929
963
939
922
863
961
920
872
896
889
891
857
913
887
890
875
839
864
932
864
871
919
886
865
864
940
938
944
880
922
849
866
871
926
943
846
930
890
902
857
874
854
875
855
880
933
896
911
936
883
839
824
939
917
892
885
896
903
903
896
837
849
911
878
828
942
854
868
930
955
870
950
862
966
840
831
854
910
867
860
960
918
866
963
888
811
915
913
896
932
884
897
882
876
992
900
870
867
897
893
920
907
864
935
942
940
939
908
875
918
876
919
863
846
860
929
870
839
838
921
882
839
859
932
866
873
886
952
860
863
888
874
920
925
878
857
859
856
903
837
871
856
904
829
896
882
895
840
928
858
877
899
894
892
918
896
884
918
879
886
925
851
890
884
805
885
877
913
848
854
867
864
834
835
873
843
931
815
828
857
876
834
927
855
844
896
918
892
947
872
944
909
880
914
844
900
857
895
914
850
924
918
862
856
857
801
853
846
849
891
905
936
828
849
901
888
825
872
899
896
899
886
892
894
840
856
835
890
856
886
900
859
867
877
900
946
808
858
874
904
896
855
897
864
896
884
882
886
848
790
828
853
869
874
887
951
847
865
903
828
872
880
820
914
885
865
856
844
816
823
857
844
881
812
902
826
905
850
903
868
881
894
840
929
890
846
920
825
862
877
863
847
892
899
860
866
870
849
832
830
856
865
879
880
832
874
879
874
912
860
889
944
815
818
888
908
919
837
878
839
873
831
841
834
833
824
844
889
873
927
887
881
900
821
890
844
878
844
843
878
894
817
877
857
858
862
862
854
850
815
874
859
868
905
878
900
871
906
839
871
876
852
876
845
887
922
886
881
851
904
825
896
875
874
903
836
839
899
864
794
813
921
908
859
911
868
841
864
833
850
909
838
894
837
847
902
920
980
887
843
923
930
845
893
812
904
951
893
865
863
866
817
860
908
810
866
873
870
849
838
864
855
921
843
903
904
870
899
838
877
883
929
787
909
828
870
847
815
843
863
907
834
862
888
842
839
864
889
889
817
889
830
875
861
882
819
808
894
903
867
796
829
864
828
826
844
887
849
858
928
887
884
919
869
901
833
844
905
887
839
874
914
864
840
939
882
857
833
887
837
819
797
841
871
882
812
905
859
801
873
848
880
853
868
846
877
888
871
904
866
897
829
866
854
865
863
886
875
907
925
929
860
811
828
944
844
857
887
866
875
796
779
866
894
884
886
887
918
831
866
839
911
